gamma= 0.9
xi= 0.0125581106418
T_shift= 0.048660641516


